4294967294,0
4294967279,32
4294967279,30
4294967279,28
4294967279,26
4294967279,24
4294967279,22
4294967279,20
4294967279,18
4294967279,15
4294967279,13
4294967279,11
4294967279,10
4294967278,373
4294967278,132
4294967278,324
4294967278,131
4294967278,130
4294967278,300
4294967278,129
4294967278,128
4294967278,344
4294967278,127
4294967278,126
4294967278,337
4294967278,125
4294967278,124
4294967278,123
4294967278,371
4294967278,122
4294967278,391
4294967278,121
4294967278,427
4294967278,120
4294967278,303
4294967278,119
4294967278,118
4294967278,117
4294967278,116
4294967278,370
4294967278,115
4294967278,317
4294967278,114
4294967278,113
4294967278,112
4294967278,355
4294967278,111
4294967278,110
4294967278,109
4294967278,108
4294967278,107
4294967278,277
4294967278,106
4294967278,274
4294967278,105
4294967278,104
4294967278,103
4294967278,291
4294967278,102
4294967278,101
4294967278,319
4294967278,100
4294967278,446
4294967278,99
4294967278,98
4294967278,97
4294967278,318
4294967278,96
4294967278,95
4294967278,94
4294967278,93
4294967278,92
4294967278,369
4294967278,91
4294967278,316
4294967278,90
4294967278,360
4294967278,89
4294967278,87
4294967278,343
4294967278,86
4294967278,85
4294967278,315
4294967278,84
4294967278,290
4294967278,83
4294967278,82
4294967278,81
4294967278,283
4294967278,80
4294967278,79
4294967278,78
4294967278,77
4294967278,76
4294967278,75
4294967278,398
4294967278,74
4294967278,353
4294967278,73
4294967278,72
4294967278,352
4294967278,71
4294967278,70
4294967278,273
4294967278,69
4294967278,68
4294967278,67
4294967278,66
4294967278,0
4294967278,65
4294967278,64
4294967278,63
4294967278,241
4294967278,260
4294967279,436
4294967279,424
4294967279,83
4294967279,81
4294967279,79
4294967279,77
4294967279,68
4294967279,67
4294967279,64
4294967279,243
4294967279,60
4294967279,59
4294967279,56
4294967279,55
4294967279,53
4294967279,52
4294967279,494
4294967279,50
4294967279,46
4294967279,492
4294967279,42
4294967279,41
4294967279,38
4294967279,36
4294967279,34
4294967279,33
4294967279,31
4294967279,27
4294967279,25
4294967279,19
4294967279,303
4294967279,17
4294967279,16
4294967279,14
4294967279,450
4294967279,12
4294967279,411
4294967279,483
4294967279,174
4294967279,277
4294967279,9
4294967279,0
4294967279,260
4294967279,474
4294967279,8
4294967279,7
4294967279,6
4294967279,5
4294967279,215
4294967279,4
4294967279,63
4294967278,62
4294967279,62
4294967278,255
4294967278,347
4294967294,189
4294967294,384
4294967294,9
4294967279,172
4294967279,168
4294967279,166
4294967279,163
4294967279,158
4294967279,153
4294967279,151
4294967279,149
4294967279,146
4294967279,144
4294967279,313
4294967294,53
4294967279,29
4294967279,462
13632,5
13632,4
13632,3
13632,2
13632,1
0,7
4294967294,96
4294967294,94
4294967294,93
4294967294,95
4294967279,136
4294967279,23
4294967279,133
4294967294,22
4294967294,417
4294967294,472
4294967294,1216
0,5
4294967279,21
4294967294,6
4294967294,160
4294967294,1
4294967294,46
4294967294,17
4294967294,42
4294967294,165
4294967294,113
4294967294,168
4294967294,104
4294967294,106
4294967294,166
4294967294,24
4294967294,25
4294967294,26
4294967294,176
4294967294,1418
4294967294,81
4294967294,1419
4294967294,92
4294967294,88
4294967294,67
4294967294,11
4294967294,18
4294967294,20
4294967294,12
4294967294,68
4294967294,1087
4294967279,278
13631,5
13631,4
13631,3
13631,2
13631,1
4294967278,320
13629,6
13629,5
13629,4
13629,3
13629,2
13629,1
4294967294,475
4294967278,251
4294967279,419
4294967279,414
4294967278,249
13626,5
13626,4
13626,3
13626,2
13626,1
4294967278,286
4294967294,439
13624,5
13624,4
13624,3
13624,2
13624,1
4294967279,412
4294967278,247
4294967294,1424
13622,5
13622,4
13622,3
13622,2
13622,1
4294967279,409
4294967294,1242
4294967278,245
13620,6
13620,5
13620,4
13620,3
13620,2
13620,1
13619,5
13619,4
13619,3
13619,2
13619,1
4294967278,243
13618,5
13618,4
13618,3
13618,2
13618,1
13617,5
4294967279,407
13617,4
13617,3
13617,2
13617,1
4294967294,474
13615,4
13615,3
13615,2
13615,1
4294967279,406
4294967279,405
4294967279,478
4294967294,473
4294967294,1423
4294967278,221
4294967293,131
4294967293,130
4294967293,129
4294967293,128
4294967293,127
4294967293,126
4294967293,125
4294967293,124
4294967293,123
4294967293,122
4294967293,121
4294967293,120
4294967293,119
4294967293,118
4294967293,117
4294967293,116
4294967293,115
4294967293,114
4294967293,113
